*  2023  3  1  6 45  0.00000000
PG13  16503.045151   2300.127122  20554.080076    483.619170
PG14  13059.441311  13444.714777  18873.292026    -15.513509
PG15  13231.355588  -8467.777855  20979.857490     17.626964
PG17  12815.698086  23192.264860   -183.522641    702.919715
PG19  16891.122280  17721.951499 -10864.983351    284.074730
PG30   5872.676131  18003.359337  18617.740929   -528.621764

*  2023  3  1  7  0  0.00000000
PG13  17448.977093   4414.611046  19422.786020    483.624507
PG14  10837.775038  13647.641596  20083.509625    -15.504822
PG15  14860.255030  -6596.460295  20590.387135     17.629769
PG17  12577.226055  23220.021976   2703.046260    702.921370
PG19  17236.270323  18735.173778  -8282.345030    284.079349
PG30   4791.840752  19744.771089  17066.738583   -528.620469

*  2023  3  1  7 15  0.00000000
PG13  18432.445279   6344.554746  17954.232271    483.629714
PG14   8511.443056  13973.868226  20949.323654    -15.496142
PG15  16525.129955  -4852.066879  19833.335770     17.633526
PG17  12162.428277  22989.808315   5543.056592    702.923565
PG19  17480.724035  19474.945241  -5560.507276    284.083963
PG30   3869.551552  21361.591645  15221.209462   -528.619122

*  2023  3  1  7 30  0.00000000
PG13  19415.306087   8062.551311  16174.675366    483.635652
PG14   6126.855467  14429.668807  21455.535017    -15.487471
PG15  18186.057583  -3260.686275  18723.492546     17.636301
PG17  11545.858156  22531.572822   8288.054320    702.925488
PG19  17585.290697  19947.168080  -2745.040828    284.088602
PG30   3098.462454  22811.592481  13112.371717   -528.617793

*  2023  3  1  7 45  0.00000000
PG13  20356.472874   9549.332987  14115.649490    483.640647
PG14   3731.554222  15013.447327  21593.075463    -15.478769
PG15  19800.635888  -1840.747318  17281.985024     17.639502
PG17  10708.863980  21880.994574  10891.713116    702.927509
PG19  17513.726012  20165.899714    116.741951    284.093445
PG30   2464.013905  24056.060783  10776.180958   -528.616498

*  2023  3  1  8  0  0.00000000
PG13  21213.540761  10794.274528  11813.362367    483.645874
PG14   1372.573236  15715.713526  21359.187545    -15.470128
PG15  21325.606667   -602.538209  15535.769923     17.642511
PG17   9640.413108  21077.990356  13310.564272    702.929937
PG19  17234.247955  20152.722697   2976.524841    284.097801
PG30   1945.161486  25061.250915   8252.736353   -528.615189

*  2023  3  1  8 15  0.00000000
PG13  21944.461887  11795.558499   9308.020407    483.651122
PG14   -905.183351  16519.375866  20757.498670    -15.461438
PG15  22718.502511    451.928237  13517.017215     17.645489
PG17   8337.619012  20165.101602  15504.649976    702.931951
PG19  16720.906498  19935.838360   5785.755950    284.102455
PG30   1515.371025  25799.664019   5585.599212   -528.613880

*  2023  3  1  8 30  0.00000000
PG13  22509.205259  12560.001837   6643.098080    483.656792
PG14  -3060.483016  17400.342460  19797.986126    -15.452780
PG15  23939.248175   1328.707429  11262.409260     17.648408
PG17   6805.959499  19185.823517  17438.095685    702.933787
PG19  15954.756575  19548.913655   8496.437332    284.106783
PG30   1143.842684  26251.102309   2821.034975   -528.612592

*  2023  3  1  8 45  0.00000000
PG13  22871.337405  13102.556055   3864.566498    483.661738
PG14  -5057.167543  18328.408764  18496.831823    -15.444126
PG15  24951.651793   2041.393044   8812.377379     17.651756
PG17   5059.185815  18182.938154  19079.599797    702.935998
PG19  14924.787175  19029.720215  11061.925687    284.111499
PG30    796.916179  26403.452947      7.192048   -528.611283

*  2023  3  1  9  0  0.00000000
PG13  22999.464512  13445.505601   1020.095844    483.667254
PG14  -6865.362072  19268.399435  16876.167317    -15.435443
PG15  25724.728978   2610.296306   6210.297844     17.654405
PG17   3118.932893  17196.910282  20402.840728    702.938066
PG19  13628.566890  18418.613277  13437.732302    284.116077
PG30    439.600806  26253.166792  -2806.766697   -528.610018




